349
137
399
1041
1173
910
949
866
967
498
170
1110
1016
1212
378
755
42
344
1020
1019
689
956
1127
520
948
306
89
1278
773
1387
196
337
476
1292
451
462
625
1295
1064
1391
1090
744
113
1290
429
29
761
780
616
1213
204
882
868
690
751
1185
1202
421
1296
879
408
36
182
872
437
1354
255
752
173
1332
154
1014
509
929
1393
175
1039
591
503
110
1022
1160
763
1122
704
570
595
130
536
538
1072
782
278
920
813
456
123
766
953
1168
349
137
399
1041
1173
910
949
866
967
498
170
1110
1016
1212
378
755
42
344
1020
1019
689
956
1127
520
948
306
89
1278
773
1387
196
337
476
1292
451
462
625
1295
1064
1391
1090
744
113
1290
429
29
761
780
616
1213
204
882
868
690
751
1185
1202
421
1296
879
408
36
182
872
437
1354
255
752
173
1332
154
1014
509
929
1393
175
1039
591
503
110
1022
1160
763
1122
704
570
595
130
536
538
1072
782
278
920
813
456
123
766
953
1168
